10000	29	29	0
10000	28	28	0
20000	29	29	0
10000	27	27	0
20000	28	28	0
30000	29	29	0
10000	26	26	0
20000	27	27	0
30000	28	28	0
10000	25	25	0
40000	29	29	0
20000	26	26	0
30000	27	27	0
10000	24	24	0
40000	28	28	0
20000	25	25	0
50000	29	29	0
30000	26	26	0
40000	27	27	0
20000	24	24	0
50000	28	28	0
30000	25	25	0
60000	29	29	0
40000	26	26	0
50000	27	27	0
30000	24	24	0
60000	28	28	0
70000	29	29	0
40000	25	25	0
50000	26	26	0
60000	27	27	0
70000	28	28	0
40000	24	24	0
80000	29	29	0
50000	25	25	0
60000	26	26	0
70000	27	27	0
80000	28	28	0
50000	24	24	0
90000	29	29	0
60000	25	25	0
70000	26	26	0
80000	27	27	0
90000	28	28	0
60000	24	24	0
100000	29	29	0
70000	25	25	0
80000	26	26	0
90000	27	27	0
100000	28	28	0
70000	24	24	0
110000	29	29	0
80000	25	25	0
90000	26	26	0
100000	27	27	0
110000	28	28	0
80000	24	24	0
120000	29	29	0
90000	25	25	0
110000	27	27	0
100000	26	26	0
120000	28	28	0
90000	24	24	0
130000	29	29	0
100000	25	25	0
110000	26	26	0
120000	27	27	0
130000	28	28	0
100000	24	24	0
140000	29	29	0
110000	25	25	0
130000	27	27	0
120000	26	26	0
140000	28	28	0
110000	24	24	0
150000	29	29	0
120000	25	25	0
140000	27	27	0
130000	26	26	0
120000	24	24	0
150000	28	28	0
160000	29	29	0
130000	25	25	0
150000	27	27	0
140000	26	26	0
130000	24	24	0
160000	28	28	0
170000	29	29	0
140000	25	25	0
160000	27	27	0
150000	26	26	0
140000	24	24	0
170000	28	28	0
180000	29	29	0
150000	25	25	0
170000	27	27	0
160000	26	26	0
150000	24	24	0
180000	28	28	0
190000	29	29	0
160000	25	25	0
180000	27	27	0
170000	26	26	0
160000	24	24	0
200000	29	29	0
190000	28	28	0
170000	25	25	0
190000	27	27	0
180000	26	26	0
210000	29	29	0
170000	24	24	0
200000	28	28	0
180000	25	25	0
200000	27	27	0
190000	26	26	0
220000	29	29	0
180000	24	24	0
210000	28	28	0
190000	25	25	0
210000	27	27	0
200000	26	26	0
230000	29	29	0
190000	24	24	0
220000	28	28	0
200000	25	25	0
220000	27	27	0
210000	26	26	0
240000	29	29	0
200000	24	24	0
230000	28	28	0
210000	25	25	0
230000	27	27	0
220000	26	26	0
250000	29	29	0
240000	28	28	0
210000	24	24	0
220000	25	25	0
240000	27	27	0
230000	26	26	0
260000	29	29	0
220000	24	24	0
250000	28	28	0
230000	25	25	0
250000	27	27	0
240000	26	26	0
270000	29	29	0
230000	24	24	0
260000	28	28	0
240000	25	25	0
260000	27	27	0
250000	26	26	0
280000	29	29	0
240000	24	24	0
270000	28	28	0
250000	25	25	0
270000	27	27	0
260000	26	26	0
290000	29	29	0
250000	24	24	0
280000	28	28	0
260000	25	25	0
280000	27	27	0
270000	26	26	0
300000	29	29	0
260000	24	24	0
290000	28	28	0
270000	25	25	0
290000	27	27	0
280000	26	26	0
310000	29	29	0
270000	24	24	0
300000	28	28	0
280000	25	25	0
300000	27	27	0
290000	26	26	0
320000	29	29	0
280000	24	24	0
310000	28	28	0
290000	25	25	0
310000	27	27	0
300000	26	26	0
330000	29	29	0
320000	28	28	0
290000	24	24	0
300000	25	25	0
320000	27	27	0
310000	26	26	0
340000	29	29	0
300000	24	24	0
330000	28	28	0
310000	25	25	0
330000	27	27	0
320000	26	26	0
350000	29	29	0
340000	28	28	0
310000	24	24	0
320000	25	25	0
340000	27	27	0
330000	26	26	0
360000	29	29	0
320000	24	24	0
350000	28	28	0
330000	25	25	0
350000	27	27	0
340000	26	26	0
370000	29	29	0
330000	24	24	0
360000	28	28	0
340000	25	25	0
360000	27	27	0
350000	26	26	0
380000	29	29	0
340000	24	24	0
370000	28	28	0
350000	25	25	0
370000	27	27	0
360000	26	26	0
390000	29	29	0
350000	24	24	0
380000	28	28	0
360000	25	25	0
380000	27	27	0
370000	26	26	0
400000	29	29	0
360000	24	24	0
390000	28	28	0
370000	25	25	0
390000	27	27	0
380000	26	26	0
410000	29	29	0
370000	24	24	0
400000	28	28	0
380000	25	25	0
400000	27	27	0
390000	26	26	0
420000	29	29	0
380000	24	24	0
390000	25	25	0
410000	28	28	0
410000	27	27	0
400000	26	26	0
430000	29	29	0
400000	25	25	0
390000	24	24	0
420000	28	28	0
420000	27	27	0
410000	26	26	0
440000	29	29	0
410000	25	25	0
400000	24	24	0
430000	28	28	0
430000	27	27	0
420000	26	26	0
450000	29	29	0
420000	25	25	0
410000	24	24	0
440000	28	28	0
440000	27	27	0
430000	26	26	0
460000	29	29	0
420000	24	24	0
430000	25	25	0
450000	27	27	0
450000	28	28	0
440000	26	26	0
470000	29	29	0
430000	24	24	0
440000	25	25	0
460000	27	27	0
460000	28	28	0
450000	26	26	0
480000	29	29	0
440000	24	24	0
450000	25	25	0
470000	27	27	0
470000	28	28	0
460000	26	26	0
490000	29	29	0
460000	25	25	0
450000	24	24	0
480000	27	27	0
480000	28	28	0
500000	29	29	0
470000	26	26	0
460000	24	24	0
490000	27	27	0
470000	25	25	0
490000	28	28	0
480000	26	26	0
500000	27	27	0
480000	25	25	0
470000	24	24	0
500000	28	28	0
490000	26	26	0
490000	25	25	0
480000	24	24	0
500000	26	26	0
500000	25	25	0
490000	24	24	0
500000	24	24	0
10000	23	23	0
10000	22	22	0
20000	23	23	0
10000	21	21	0
20000	22	22	0
30000	23	23	0
10000	20	20	0
20000	21	21	0
30000	22	22	0
10000	19	19	0
40000	23	23	0
20000	20	20	0
30000	21	21	0
10000	18	18	0
40000	22	22	0
20000	19	19	0
50000	23	23	0
30000	20	20	0
40000	21	21	0
20000	18	18	0
50000	22	22	0
30000	19	19	0
60000	23	23	0
40000	20	20	0
50000	21	21	0
30000	18	18	0
60000	22	22	0
70000	23	23	0
40000	19	19	0
50000	20	20	0
60000	21	21	0
40000	18	18	0
70000	22	22	0
80000	23	23	0
50000	19	19	0
60000	20	20	0
70000	21	21	0
50000	18	18	0
80000	22	22	0
90000	23	23	0
60000	19	19	0
70000	20	20	0
80000	21	21	0
60000	18	18	0
90000	22	22	0
100000	23	23	0
70000	19	19	0
80000	20	20	0
90000	21	21	0
70000	18	18	0
100000	22	22	0
110000	23	23	0
80000	19	19	0
90000	20	20	0
100000	21	21	0
80000	18	18	0
110000	22	22	0
120000	23	23	0
90000	19	19	0
100000	20	20	0
110000	21	21	0
90000	18	18	0
120000	22	22	0
130000	23	23	0
100000	19	19	0
110000	20	20	0
120000	21	21	0
100000	18	18	0
130000	22	22	0
140000	23	23	0
110000	19	19	0
120000	20	20	0
130000	21	21	0
110000	18	18	0
140000	22	22	0
150000	23	23	0
120000	19	19	0
130000	20	20	0
140000	21	21	0
120000	18	18	0
150000	22	22	0
160000	23	23	0
130000	19	19	0
140000	20	20	0
150000	21	21	0
130000	18	18	0
160000	22	22	0
170000	23	23	0
140000	19	19	0
150000	20	20	0
160000	21	21	0
140000	18	18	0
170000	22	22	0
180000	23	23	0
160000	20	20	0
150000	19	19	0
170000	21	21	0
150000	18	18	0
180000	22	22	0
190000	23	23	0
170000	20	20	0
160000	19	19	0
180000	21	21	0
160000	18	18	0
190000	22	22	0
200000	23	23	0
180000	20	20	0
170000	19	19	0
190000	21	21	0
170000	18	18	0
200000	22	22	0
210000	23	23	0
190000	20	20	0
180000	19	19	0
200000	21	21	0
180000	18	18	0
210000	22	22	0
220000	23	23	0
200000	20	20	0
190000	19	19	0
210000	21	21	0
190000	18	18	0
220000	22	22	0
230000	23	23	0
210000	20	20	0
200000	19	19	0
220000	21	21	0
200000	18	18	0
230000	22	22	0
240000	23	23	0
220000	20	20	0
210000	19	19	0
230000	21	21	0
210000	18	18	0
240000	22	22	0
250000	23	23	0
230000	20	20	0
220000	19	19	0
240000	21	21	0
220000	18	18	0
250000	22	22	0
260000	23	23	0
240000	20	20	0
230000	19	19	0
250000	21	21	0
230000	18	18	0
260000	22	22	0
270000	23	23	0
250000	20	20	0
240000	19	19	0
260000	21	21	0
240000	18	18	0
270000	22	22	0
280000	23	23	0
260000	20	20	0
250000	19	19	0
270000	21	21	0
250000	18	18	0
280000	22	22	0
290000	23	23	0
270000	20	20	0
260000	19	19	0
280000	21	21	0
260000	18	18	0
290000	22	22	0
300000	23	23	0
280000	20	20	0
270000	19	19	0
290000	21	21	0
270000	18	18	0
300000	22	22	0
310000	23	23	0
290000	20	20	0
280000	19	19	0
300000	21	21	0
280000	18	18	0
310000	22	22	0
320000	23	23	0
300000	20	20	0
290000	19	19	0
310000	21	21	0
290000	18	18	0
320000	22	22	0
330000	23	23	0
310000	20	20	0
320000	21	21	0
300000	19	19	0
300000	18	18	0
330000	22	22	0
340000	23	23	0
320000	20	20	0
330000	21	21	0
310000	19	19	0
310000	18	18	0
340000	22	22	0
350000	23	23	0
330000	20	20	0
340000	21	21	0
320000	18	18	0
320000	19	19	0
350000	22	22	0
360000	23	23	0
340000	20	20	0
350000	21	21	0
330000	18	18	0
330000	19	19	0
360000	22	22	0
370000	23	23	0
350000	20	20	0
340000	18	18	0
360000	21	21	0
340000	19	19	0
370000	22	22	0
380000	23	23	0
360000	20	20	0
350000	18	18	0
370000	21	21	0
350000	19	19	0
380000	22	22	0
390000	23	23	0
370000	20	20	0
360000	18	18	0
380000	21	21	0
360000	19	19	0
390000	22	22	0
400000	23	23	0
380000	20	20	0
390000	21	21	0
370000	18	18	0
370000	19	19	0
400000	22	22	0
410000	23	23	0
390000	20	20	0
400000	21	21	0
380000	18	18	0
380000	19	19	0
410000	22	22	0
420000	23	23	0
400000	20	20	0
410000	21	21	0
390000	18	18	0
390000	19	19	0
420000	22	22	0
430000	23	23	0
410000	20	20	0
420000	21	21	0
400000	18	18	0
400000	19	19	0
430000	22	22	0
440000	23	23	0
420000	20	20	0
430000	21	21	0
410000	18	18	0
410000	19	19	0
440000	22	22	0
450000	23	23	0
430000	20	20	0
440000	21	21	0
420000	18	18	0
420000	19	19	0
450000	22	22	0
460000	23	23	0
440000	20	20	0
450000	21	21	0
430000	18	18	0
430000	19	19	0
460000	22	22	0
470000	23	23	0
450000	20	20	0
460000	21	21	0
440000	18	18	0
440000	19	19	0
470000	22	22	0
480000	23	23	0
460000	20	20	0
470000	21	21	0
450000	19	19	0
450000	18	18	0
480000	22	22	0
490000	23	23	0
470000	20	20	0
480000	21	21	0
460000	18	18	0
460000	19	19	0
500000	23	23	0
490000	22	22	0
480000	20	20	0
490000	21	21	0
470000	18	18	0
470000	19	19	0
500000	22	22	0
490000	20	20	0
500000	21	21	0
480000	18	18	0
480000	19	19	0
500000	20	20	0
490000	18	18	0
490000	19	19	0
500000	19	19	0
500000	18	18	0
10000	17	17	0
10000	16	16	0
20000	17	17	0
10000	15	15	0
20000	16	16	0
30000	17	17	0
10000	14	14	0
20000	15	15	0
30000	16	16	0
10000	13	13	0
40000	17	17	0
20000	14	14	0
30000	15	15	0
10000	12	12	0
40000	16	16	0
20000	13	13	0
50000	17	17	0
30000	14	14	0
40000	15	15	0
20000	12	12	0
50000	16	16	0
30000	13	13	0
60000	17	17	0
40000	14	14	0
50000	15	15	0
30000	12	12	0
60000	16	16	0
40000	13	13	0
70000	17	17	0
50000	14	14	0
60000	15	15	0
40000	12	12	0
70000	16	16	0
50000	13	13	0
80000	17	17	0
60000	14	14	0
70000	15	15	0
50000	12	12	0
80000	16	16	0
60000	13	13	0
90000	17	17	0
70000	14	14	0
60000	12	12	0
80000	15	15	0
90000	16	16	0
70000	13	13	0
100000	17	17	0
80000	14	14	0
70000	12	12	0
90000	15	15	0
100000	16	16	0
80000	13	13	0
110000	17	17	0
90000	14	14	0
80000	12	12	0
100000	15	15	0
110000	16	16	0
90000	13	13	0
120000	17	17	0
100000	14	14	0
90000	12	12	0
110000	15	15	0
120000	16	16	0
100000	13	13	0
130000	17	17	0
110000	14	14	0
100000	12	12	0
120000	15	15	0
130000	16	16	0
110000	13	13	0
140000	17	17	0
120000	14	14	0
110000	12	12	0
130000	15	15	0
140000	16	16	0
120000	13	13	0
150000	17	17	0
130000	14	14	0
120000	12	12	0
140000	15	15	0
150000	16	16	0
130000	13	13	0
160000	17	17	0
140000	14	14	0
130000	12	12	0
150000	15	15	0
160000	16	16	0
140000	13	13	0
170000	17	17	0
150000	14	14	0
140000	12	12	0
160000	15	15	0
170000	16	16	0
150000	13	13	0
180000	17	17	0
160000	14	14	0
150000	12	12	0
170000	15	15	0
180000	16	16	0
160000	13	13	0
190000	17	17	0
160000	12	12	0
170000	14	14	0
170000	13	13	0
180000	15	15	0
190000	16	16	0
200000	17	17	0
170000	12	12	0
180000	14	14	0
180000	13	13	0
200000	16	16	0
190000	15	15	0
210000	17	17	0
180000	12	12	0
190000	14	14	0
190000	13	13	0
210000	16	16	0
200000	15	15	0
220000	17	17	0
190000	12	12	0
200000	14	14	0
200000	13	13	0
220000	16	16	0
210000	15	15	0
230000	17	17	0
200000	12	12	0
210000	14	14	0
210000	13	13	0
230000	16	16	0
220000	15	15	0
240000	17	17	0
210000	12	12	0
220000	14	14	0
220000	13	13	0
240000	16	16	0
230000	15	15	0
250000	17	17	0
220000	12	12	0
230000	14	14	0
230000	13	13	0
250000	16	16	0
240000	15	15	0
260000	17	17	0
230000	12	12	0
240000	14	14	0
240000	13	13	0
260000	16	16	0
250000	15	15	0
270000	17	17	0
240000	12	12	0
250000	14	14	0
250000	13	13	0
270000	16	16	0
260000	15	15	0
280000	17	17	0
250000	12	12	0
260000	14	14	0
260000	13	13	0
280000	16	16	0
270000	15	15	0
290000	17	17	0
260000	12	12	0
270000	14	14	0
270000	13	13	0
290000	16	16	0
280000	15	15	0
300000	17	17	0
270000	12	12	0
280000	14	14	0
280000	13	13	0
300000	16	16	0
290000	15	15	0
310000	17	17	0
280000	12	12	0
290000	14	14	0
290000	13	13	0
310000	16	16	0
300000	15	15	0
320000	17	17	0
290000	12	12	0
300000	13	13	0
300000	14	14	0
320000	16	16	0
310000	15	15	0
330000	17	17	0
300000	12	12	0
310000	13	13	0
310000	14	14	0
330000	16	16	0
320000	15	15	0
340000	17	17	0
310000	12	12	0
320000	13	13	0
320000	14	14	0
340000	16	16	0
330000	15	15	0
350000	17	17	0
320000	12	12	0
330000	13	13	0
330000	14	14	0
350000	16	16	0
340000	15	15	0
360000	17	17	0
330000	12	12	0
340000	13	13	0
340000	14	14	0
360000	16	16	0
350000	15	15	0
340000	12	12	0
370000	17	17	0
350000	13	13	0
350000	14	14	0
370000	16	16	0
360000	15	15	0
350000	12	12	0
380000	17	17	0
360000	13	13	0
360000	14	14	0
380000	16	16	0
370000	15	15	0
360000	12	12	0
390000	17	17	0
370000	13	13	0
370000	14	14	0
390000	16	16	0
380000	15	15	0
370000	12	12	0
380000	13	13	0
400000	17	17	0
380000	14	14	0
400000	16	16	0
390000	15	15	0
380000	12	12	0
390000	13	13	0
410000	17	17	0
390000	14	14	0
410000	16	16	0
400000	15	15	0
390000	12	12	0
400000	13	13	0
420000	17	17	0
400000	14	14	0
420000	16	16	0
410000	15	15	0
400000	12	12	0
410000	13	13	0
430000	17	17	0
410000	14	14	0
430000	16	16	0
420000	15	15	0
410000	12	12	0
420000	13	13	0
440000	17	17	0
420000	14	14	0
440000	16	16	0
420000	12	12	0
430000	15	15	0
430000	13	13	0
450000	17	17	0
430000	14	14	0
450000	16	16	0
430000	12	12	0
440000	15	15	0
440000	13	13	0
460000	17	17	0
440000	14	14	0
460000	16	16	0
440000	12	12	0
450000	15	15	0
450000	13	13	0
470000	17	17	0
450000	14	14	0
470000	16	16	0
450000	12	12	0
460000	15	15	0
460000	13	13	0
480000	17	17	0
460000	14	14	0
480000	16	16	0
460000	12	12	0
470000	15	15	0
470000	13	13	0
490000	17	17	0
470000	14	14	0
490000	16	16	0
470000	12	12	0
480000	15	15	0
480000	13	13	0
500000	17	17	0
480000	14	14	0
500000	16	16	0
480000	12	12	0
490000	13	13	0
490000	15	15	0
490000	14	14	0
490000	12	12	0
500000	13	13	0
500000	15	15	0
500000	14	14	0
500000	12	12	0
10000	11	11	0
10000	10	10	0
20000	11	11	0
10000	9	9	0
20000	10	10	0
30000	11	11	0
10000	8	8	0
20000	9	9	0
30000	10	10	0
10000	7	7	0
40000	11	11	0
20000	8	8	0
30000	9	9	0
10000	6	6	0
40000	10	10	0
20000	7	7	0
50000	11	11	0
30000	8	8	0
40000	9	9	0
20000	6	6	0
50000	10	10	0
30000	7	7	0
60000	11	11	0
40000	8	8	0
50000	9	9	0
30000	6	6	0
60000	10	10	0
40000	7	7	0
70000	11	11	0
50000	8	8	0
60000	9	9	0
40000	6	6	0
70000	10	10	0
50000	7	7	0
80000	11	11	0
60000	8	8	0
70000	9	9	0
50000	6	6	0
80000	10	10	0
60000	7	7	0
90000	11	11	0
70000	8	8	0
80000	9	9	0
60000	6	6	0
90000	10	10	0
70000	7	7	0
100000	11	11	0
80000	8	8	0
90000	9	9	0
70000	6	6	0
100000	10	10	0
110000	11	11	0
80000	7	7	0
90000	8	8	0
100000	9	9	0
80000	6	6	0
110000	10	10	0
120000	11	11	0
90000	7	7	0
100000	8	8	0
110000	9	9	0
90000	6	6	0
120000	10	10	0
130000	11	11	0
100000	7	7	0
110000	8	8	0
120000	9	9	0
100000	6	6	0
130000	10	10	0
140000	11	11	0
110000	7	7	0
120000	8	8	0
130000	9	9	0
110000	6	6	0
140000	10	10	0
150000	11	11	0
120000	7	7	0
140000	9	9	0
130000	8	8	0
120000	6	6	0
150000	10	10	0
160000	11	11	0
150000	9	9	0
130000	7	7	0
140000	8	8	0
130000	6	6	0
160000	10	10	0
160000	9	9	0
170000	11	11	0
150000	8	8	0
140000	7	7	0
140000	6	6	0
170000	10	10	0
170000	9	9	0
180000	11	11	0
160000	8	8	0
150000	7	7	0
180000	10	10	0
150000	6	6	0
180000	9	9	0
190000	11	11	0
170000	8	8	0
160000	7	7	0
160000	6	6	0
190000	10	10	0
190000	9	9	0
200000	11	11	0
180000	8	8	0
170000	7	7	0
200000	10	10	0
170000	6	6	0
200000	9	9	0
210000	11	11	0
190000	8	8	0
180000	7	7	0
180000	6	6	0
210000	10	10	0
210000	9	9	0
220000	11	11	0
200000	8	8	0
190000	7	7	0
220000	10	10	0
190000	6	6	0
220000	9	9	0
230000	11	11	0
210000	8	8	0
200000	7	7	0
230000	10	10	0
200000	6	6	0
230000	9	9	0
240000	11	11	0
220000	8	8	0
210000	7	7	0
240000	10	10	0
210000	6	6	0
240000	9	9	0
250000	11	11	0
230000	8	8	0
220000	7	7	0
250000	10	10	0
220000	6	6	0
250000	9	9	0
260000	11	11	0
240000	8	8	0
230000	7	7	0
230000	6	6	0
260000	10	10	0
260000	9	9	0
270000	11	11	0
250000	8	8	0
240000	7	7	0
240000	6	6	0
270000	10	10	0
270000	9	9	0
280000	11	11	0
260000	8	8	0
250000	7	7	0
250000	6	6	0
280000	10	10	0
280000	9	9	0
290000	11	11	0
270000	8	8	0
260000	7	7	0
260000	6	6	0
290000	10	10	0
290000	9	9	0
300000	11	11	0
280000	8	8	0
270000	7	7	0
270000	6	6	0
300000	10	10	0
300000	9	9	0
310000	11	11	0
290000	8	8	0
280000	7	7	0
280000	6	6	0
310000	9	9	0
310000	10	10	0
320000	11	11	0
300000	8	8	0
290000	7	7	0
290000	6	6	0
320000	9	9	0
320000	10	10	0
330000	11	11	0
310000	8	8	0
300000	7	7	0
300000	6	6	0
330000	9	9	0
330000	10	10	0
340000	11	11	0
320000	8	8	0
310000	7	7	0
310000	6	6	0
340000	9	9	0
340000	10	10	0
330000	8	8	0
350000	11	11	0
320000	6	6	0
320000	7	7	0
350000	9	9	0
350000	10	10	0
340000	8	8	0
360000	11	11	0
330000	6	6	0
330000	7	7	0
360000	9	9	0
360000	10	10	0
350000	8	8	0
370000	11	11	0
340000	6	6	0
340000	7	7	0
370000	9	9	0
370000	10	10	0
360000	8	8	0
380000	11	11	0
350000	6	6	0
350000	7	7	0
380000	9	9	0
380000	10	10	0
370000	8	8	0
390000	11	11	0
360000	6	6	0
390000	9	9	0
360000	7	7	0
390000	10	10	0
380000	8	8	0
400000	11	11	0
370000	6	6	0
400000	9	9	0
370000	7	7	0
400000	10	10	0
390000	8	8	0
410000	11	11	0
380000	6	6	0
410000	9	9	0
380000	7	7	0
410000	10	10	0
400000	8	8	0
420000	11	11	0
420000	9	9	0
390000	6	6	0
390000	7	7	0
420000	10	10	0
410000	8	8	0
430000	11	11	0
430000	9	9	0
400000	6	6	0
400000	7	7	0
430000	10	10	0
420000	8	8	0
440000	11	11	0
440000	9	9	0
410000	6	6	0
410000	7	7	0
440000	10	10	0
430000	8	8	0
450000	11	11	0
450000	9	9	0
420000	6	6	0
420000	7	7	0
450000	10	10	0
440000	8	8	0
460000	11	11	0
460000	9	9	0
430000	6	6	0
460000	10	10	0
430000	7	7	0
450000	8	8	0
470000	11	11	0
470000	9	9	0
440000	6	6	0
470000	10	10	0
440000	7	7	0
460000	8	8	0
480000	11	11	0
480000	9	9	0
450000	6	6	0
480000	10	10	0
450000	7	7	0
470000	8	8	0
490000	11	11	0
490000	9	9	0
460000	6	6	0
490000	10	10	0
460000	7	7	0
480000	8	8	0
500000	11	11	0
500000	9	9	0
470000	6	6	0
500000	10	10	0
470000	7	7	0
490000	8	8	0
480000	6	6	0
480000	7	7	0
500000	8	8	0
490000	6	6	0
490000	7	7	0
500000	6	6	0
500000	7	7	0
10000	5	5	0
10000	4	4	0
20000	5	5	0
10000	3	3	0
20000	4	4	0
30000	5	5	0
10000	2	2	0
20000	3	3	0
30000	4	4	0
10000	1	1	0
40000	5	5	0
20000	2	2	0
30000	3	3	0
10000	0	0	0
40000	4	4	0
20000	1	1	0
50000	5	5	0
30000	2	2	0
40000	3	3	0
20000	0	0	0
50000	4	4	0
30000	1	1	0
60000	5	5	0
40000	2	2	0
50000	3	3	0
30000	0	0	0
60000	4	4	0
40000	1	1	0
70000	5	5	0
50000	2	2	0
60000	3	3	0
40000	0	0	0
70000	4	4	0
50000	1	1	0
80000	5	5	0
60000	2	2	0
70000	3	3	0
50000	0	0	0
80000	4	4	0
60000	1	1	0
90000	5	5	0
70000	2	2	0
80000	3	3	0
60000	0	0	0
90000	4	4	0
70000	1	1	0
100000	5	5	0
80000	2	2	0
90000	3	3	0
70000	0	0	0
100000	4	4	0
110000	5	5	0
80000	1	1	0
90000	2	2	0
100000	3	3	0
80000	0	0	0
110000	4	4	0
120000	5	5	0
90000	1	1	0
100000	2	2	0
110000	3	3	0
90000	0	0	0
120000	4	4	0
130000	5	5	0
100000	1	1	0
110000	2	2	0
100000	0	0	0
120000	3	3	0
130000	4	4	0
110000	1	1	0
140000	5	5	0
120000	2	2	0
110000	0	0	0
130000	3	3	0
140000	4	4	0
150000	5	5	0
120000	1	1	0
130000	2	2	0
120000	0	0	0
140000	3	3	0
150000	4	4	0
160000	5	5	0
130000	1	1	0
140000	2	2	0
130000	0	0	0
160000	4	4	0
150000	3	3	0
170000	5	5	0
140000	1	1	0
150000	2	2	0
140000	0	0	0
170000	4	4	0
160000	3	3	0
180000	5	5	0
150000	1	1	0
160000	2	2	0
150000	0	0	0
180000	4	4	0
170000	3	3	0
190000	5	5	0
160000	1	1	0
170000	2	2	0
160000	0	0	0
180000	3	3	0
190000	4	4	0
200000	5	5	0
170000	1	1	0
180000	2	2	0
170000	0	0	0
200000	4	4	0
190000	3	3	0
210000	5	5	0
180000	1	1	0
190000	2	2	0
180000	0	0	0
210000	4	4	0
200000	3	3	0
220000	5	5	0
190000	1	1	0
200000	2	2	0
190000	0	0	0
220000	4	4	0
210000	3	3	0
230000	5	5	0
200000	1	1	0
210000	2	2	0
200000	0	0	0
230000	4	4	0
220000	3	3	0
240000	5	5	0
210000	1	1	0
220000	2	2	0
210000	0	0	0
240000	4	4	0
230000	3	3	0
250000	5	5	0
220000	1	1	0
230000	2	2	0
220000	0	0	0
250000	4	4	0
240000	3	3	0
260000	5	5	0
230000	1	1	0
240000	2	2	0
230000	0	0	0
260000	4	4	0
250000	3	3	0
270000	5	5	0
240000	1	1	0
250000	2	2	0
240000	0	0	0
270000	4	4	0
260000	3	3	0
280000	5	5	0
250000	1	1	0
260000	2	2	0
250000	0	0	0
280000	4	4	0
270000	3	3	0
290000	5	5	0
260000	1	1	0
260000	0	0	0
270000	2	2	0
290000	4	4	0
280000	3	3	0
300000	5	5	0
270000	1	1	0
270000	0	0	0
280000	2	2	0
300000	4	4	0
310000	5	5	0
290000	3	3	0
280000	1	1	0
280000	0	0	0
290000	2	2	0
310000	4	4	0
320000	5	5	0
300000	3	3	0
290000	1	1	0
290000	0	0	0
300000	2	2	0
320000	4	4	0
330000	5	5	0
310000	3	3	0
300000	1	1	0
300000	0	0	0
310000	2	2	0
330000	4	4	0
320000	3	3	0
340000	5	5	0
310000	1	1	0
310000	0	0	0
320000	2	2	0
340000	4	4	0
330000	3	3	0
350000	5	5	0
320000	1	1	0
320000	0	0	0
330000	2	2	0
350000	4	4	0
340000	3	3	0
360000	5	5	0
330000	0	0	0
330000	1	1	0
340000	2	2	0
360000	4	4	0
350000	3	3	0
370000	5	5	0
340000	0	0	0
340000	1	1	0
350000	2	2	0
370000	4	4	0
360000	3	3	0
380000	5	5	0
350000	0	0	0
350000	1	1	0
360000	2	2	0
380000	4	4	0
370000	3	3	0
390000	5	5	0
360000	0	0	0
360000	1	1	0
370000	2	2	0
390000	4	4	0
380000	3	3	0
400000	5	5	0
370000	0	0	0
370000	1	1	0
380000	2	2	0
400000	4	4	0
390000	3	3	0
410000	5	5	0
380000	0	0	0
380000	1	1	0
390000	2	2	0
410000	4	4	0
400000	3	3	0
420000	5	5	0
390000	0	0	0
390000	1	1	0
420000	4	4	0
400000	2	2	0
410000	3	3	0
430000	5	5	0
400000	0	0	0
400000	1	1	0
430000	4	4	0
410000	2	2	0
420000	3	3	0
440000	5	5	0
410000	0	0	0
410000	1	1	0
440000	4	4	0
420000	2	2	0
430000	3	3	0
450000	5	5	0
420000	0	0	0
420000	1	1	0
450000	4	4	0
430000	2	2	0
440000	3	3	0
460000	5	5	0
430000	0	0	0
430000	1	1	0
460000	4	4	0
440000	2	2	0
450000	3	3	0
470000	5	5	0
440000	0	0	0
440000	1	1	0
470000	4	4	0
450000	2	2	0
460000	3	3	0
480000	5	5	0
450000	0	0	0
450000	1	1	0
480000	4	4	0
460000	2	2	0
470000	3	3	0
490000	5	5	0
460000	0	0	0
460000	1	1	0
490000	4	4	0
470000	2	2	0
480000	3	3	0
500000	5	5	0
470000	0	0	0
470000	1	1	0
500000	4	4	0
480000	2	2	0
490000	3	3	0
480000	0	0	0
480000	1	1	0
490000	2	2	0
500000	3	3	0
490000	0	0	0
490000	1	1	0
500000	2	2	0
500000	0	0	0
500000	1	1	0
10000	0	0	1
10000	0	0	2
20000	0	0	1
10000	0	0	3
20000	0	0	2
30000	0	0	1
10000	0	0	4
20000	0	0	3
30000	0	0	2
10000	0	0	5
40000	0	0	1
20000	0	0	4
30000	0	0	3
10000	0	0	6
40000	0	0	2
20000	0	0	5
50000	0	0	1
30000	0	0	4
40000	0	0	3
20000	0	0	6
50000	0	0	2
30000	0	0	5
60000	0	0	1
40000	0	0	4
50000	0	0	3
30000	0	0	6
60000	0	0	2
40000	0	0	5
70000	0	0	1
50000	0	0	4
60000	0	0	3
40000	0	0	6
70000	0	0	2
50000	0	0	5
80000	0	0	1
60000	0	0	4
70000	0	0	3
50000	0	0	6
80000	0	0	2
60000	0	0	5
90000	0	0	1
70000	0	0	4
80000	0	0	3
60000	0	0	6
90000	0	0	2
70000	0	0	5
100000	0	0	1
80000	0	0	4
90000	0	0	3
70000	0	0	6
100000	0	0	2
110000	0	0	1
80000	0	0	5
90000	0	0	4
100000	0	0	3
80000	0	0	6
110000	0	0	2
120000	0	0	1
90000	0	0	5
100000	0	0	4
110000	0	0	3
90000	0	0	6
120000	0	0	2
130000	0	0	1
100000	0	0	5
110000	0	0	4
120000	0	0	3
100000	0	0	6
130000	0	0	2
140000	0	0	1
110000	0	0	5
120000	0	0	4
130000	0	0	3
110000	0	0	6
140000	0	0	2
150000	0	0	1
120000	0	0	5
130000	0	0	4
140000	0	0	3
120000	0	0	6
150000	0	0	2
160000	0	0	1
130000	0	0	5
140000	0	0	4
130000	0	0	6
150000	0	0	3
160000	0	0	2
170000	0	0	1
140000	0	0	5
150000	0	0	4
160000	0	0	3
140000	0	0	6
170000	0	0	2
180000	0	0	1
150000	0	0	5
160000	0	0	4
170000	0	0	3
150000	0	0	6
180000	0	0	2
190000	0	0	1
160000	0	0	5
170000	0	0	4
160000	0	0	6
180000	0	0	3
190000	0	0	2
200000	0	0	1
170000	0	0	5
180000	0	0	4
170000	0	0	6
190000	0	0	3
200000	0	0	2
210000	0	0	1
180000	0	0	5
190000	0	0	4
180000	0	0	6
200000	0	0	3
210000	0	0	2
220000	0	0	1
190000	0	0	5
200000	0	0	4
190000	0	0	6
210000	0	0	3
220000	0	0	2
230000	0	0	1
200000	0	0	5
210000	0	0	4
200000	0	0	6
220000	0	0	3
230000	0	0	2
240000	0	0	1
210000	0	0	5
220000	0	0	4
210000	0	0	6
230000	0	0	3
240000	0	0	2
250000	0	0	1
220000	0	0	5
230000	0	0	4
220000	0	0	6
240000	0	0	3
250000	0	0	2
260000	0	0	1
230000	0	0	5
240000	0	0	4
230000	0	0	6
250000	0	0	3
260000	0	0	2
270000	0	0	1
240000	0	0	5
250000	0	0	4
240000	0	0	6
260000	0	0	3
270000	0	0	2
280000	0	0	1
260000	0	0	4
250000	0	0	5
250000	0	0	6
270000	0	0	3
280000	0	0	2
290000	0	0	1
270000	0	0	4
260000	0	0	5
260000	0	0	6
280000	0	0	3
290000	0	0	2
300000	0	0	1
280000	0	0	4
270000	0	0	5
270000	0	0	6
290000	0	0	3
300000	0	0	2
310000	0	0	1
290000	0	0	4
280000	0	0	5
280000	0	0	6
300000	0	0	3
310000	0	0	2
320000	0	0	1
300000	0	0	4
290000	0	0	5
290000	0	0	6
310000	0	0	3
320000	0	0	2
330000	0	0	1
310000	0	0	4
300000	0	0	5
300000	0	0	6
320000	0	0	3
330000	0	0	2
340000	0	0	1
320000	0	0	4
310000	0	0	5
310000	0	0	6
330000	0	0	3
340000	0	0	2
350000	0	0	1
330000	0	0	4
320000	0	0	5
320000	0	0	6
340000	0	0	3
350000	0	0	2
360000	0	0	1
340000	0	0	4
330000	0	0	5
330000	0	0	6
350000	0	0	3
360000	0	0	2
370000	0	0	1
350000	0	0	4
340000	0	0	5
340000	0	0	6
360000	0	0	3
370000	0	0	2
380000	0	0	1
360000	0	0	4
350000	0	0	5
350000	0	0	6
370000	0	0	3
380000	0	0	2
390000	0	0	1
370000	0	0	4
360000	0	0	5
360000	0	0	6
380000	0	0	3
390000	0	0	2
400000	0	0	1
380000	0	0	4
370000	0	0	5
370000	0	0	6
390000	0	0	3
400000	0	0	2
410000	0	0	1
390000	0	0	4
380000	0	0	5
380000	0	0	6
400000	0	0	3
410000	0	0	2
420000	0	0	1
400000	0	0	4
390000	0	0	5
390000	0	0	6
410000	0	0	3
420000	0	0	2
430000	0	0	1
410000	0	0	4
400000	0	0	6
400000	0	0	5
420000	0	0	3
430000	0	0	2
440000	0	0	1
420000	0	0	4
410000	0	0	6
410000	0	0	5
430000	0	0	3
440000	0	0	2
450000	0	0	1
430000	0	0	4
420000	0	0	6
420000	0	0	5
440000	0	0	3
450000	0	0	2
460000	0	0	1
440000	0	0	4
430000	0	0	6
430000	0	0	5
450000	0	0	3
460000	0	0	2
470000	0	0	1
440000	0	0	6
450000	0	0	4
440000	0	0	5
460000	0	0	3
470000	0	0	2
480000	0	0	1
450000	0	0	6
460000	0	0	4
450000	0	0	5
480000	0	0	2
470000	0	0	3
490000	0	0	1
460000	0	0	6
470000	0	0	4
460000	0	0	5
480000	0	0	3
490000	0	0	2
500000	0	0	1
470000	0	0	6
480000	0	0	4
470000	0	0	5
500000	0	0	2
490000	0	0	3
480000	0	0	6
490000	0	0	4
480000	0	0	5
500000	0	0	3
490000	0	0	6
500000	0	0	4
490000	0	0	5
500000	0	0	6
500000	0	0	5
10000	0	0	7
10000	0	0	8
20000	0	0	7
10000	0	0	9
20000	0	0	8
30000	0	0	7
10000	0	0	10
20000	0	0	9
30000	0	0	8
10000	0	0	11
40000	0	0	7
20000	0	0	10
30000	0	0	9
10000	0	0	12
40000	0	0	8
20000	0	0	11
50000	0	0	7
30000	0	0	10
40000	0	0	9
20000	0	0	12
50000	0	0	8
30000	0	0	11
60000	0	0	7
40000	0	0	10
50000	0	0	9
30000	0	0	12
60000	0	0	8
40000	0	0	11
70000	0	0	7
50000	0	0	10
60000	0	0	9
40000	0	0	12
70000	0	0	8
50000	0	0	11
80000	0	0	7
60000	0	0	10
70000	0	0	9
50000	0	0	12
80000	0	0	8
60000	0	0	11
90000	0	0	7
70000	0	0	10
80000	0	0	9
60000	0	0	12
90000	0	0	8
70000	0	0	11
100000	0	0	7
80000	0	0	10
90000	0	0	9
70000	0	0	12
100000	0	0	8
80000	0	0	11
110000	0	0	7
90000	0	0	10
100000	0	0	9
80000	0	0	12
110000	0	0	8
90000	0	0	11
120000	0	0	7
100000	0	0	10
110000	0	0	9
90000	0	0	12
120000	0	0	8
100000	0	0	11
110000	0	0	10
130000	0	0	7
120000	0	0	9
100000	0	0	12
130000	0	0	8
110000	0	0	11
120000	0	0	10
140000	0	0	7
130000	0	0	9
110000	0	0	12
140000	0	0	8
120000	0	0	11
130000	0	0	10
150000	0	0	7
140000	0	0	9
120000	0	0	12
150000	0	0	8
130000	0	0	11
140000	0	0	10
160000	0	0	7
150000	0	0	9
130000	0	0	12
160000	0	0	8
140000	0	0	11
150000	0	0	10
170000	0	0	7
160000	0	0	9
140000	0	0	12
170000	0	0	8
150000	0	0	11
160000	0	0	10
180000	0	0	7
170000	0	0	9
150000	0	0	12
180000	0	0	8
160000	0	0	11
170000	0	0	10
190000	0	0	7
180000	0	0	9
160000	0	0	12
190000	0	0	8
170000	0	0	11
180000	0	0	10
200000	0	0	7
190000	0	0	9
170000	0	0	12
200000	0	0	8
180000	0	0	11
190000	0	0	10
210000	0	0	7
200000	0	0	9
180000	0	0	12
210000	0	0	8
190000	0	0	11
200000	0	0	10
220000	0	0	7
210000	0	0	9
190000	0	0	12
220000	0	0	8
200000	0	0	11
210000	0	0	10
230000	0	0	7
220000	0	0	9
200000	0	0	12
230000	0	0	8
210000	0	0	11
220000	0	0	10
240000	0	0	7
230000	0	0	9
210000	0	0	12
240000	0	0	8
220000	0	0	11
230000	0	0	10
250000	0	0	7
240000	0	0	9
220000	0	0	12
250000	0	0	8
230000	0	0	11
240000	0	0	10
260000	0	0	7
250000	0	0	9
230000	0	0	12
260000	0	0	8
240000	0	0	11
250000	0	0	10
270000	0	0	7
260000	0	0	9
240000	0	0	12
270000	0	0	8
250000	0	0	11
260000	0	0	10
280000	0	0	7
250000	0	0	12
270000	0	0	9
280000	0	0	8
260000	0	0	11
270000	0	0	10
290000	0	0	7
260000	0	0	12
280000	0	0	9
270000	0	0	11
290000	0	0	8
280000	0	0	10
300000	0	0	7
270000	0	0	12
290000	0	0	9
300000	0	0	8
280000	0	0	11
290000	0	0	10
310000	0	0	7
300000	0	0	9
280000	0	0	12
310000	0	0	8
290000	0	0	11
300000	0	0	10
320000	0	0	7
310000	0	0	9
290000	0	0	12
320000	0	0	8
300000	0	0	11
310000	0	0	10
330000	0	0	7
320000	0	0	9
300000	0	0	12
310000	0	0	11
330000	0	0	8
320000	0	0	10
340000	0	0	7
310000	0	0	12
330000	0	0	9
320000	0	0	11
340000	0	0	8
330000	0	0	10
320000	0	0	12
350000	0	0	7
340000	0	0	9
330000	0	0	11
350000	0	0	8
340000	0	0	10
330000	0	0	12
350000	0	0	9
360000	0	0	7
340000	0	0	11
360000	0	0	8
350000	0	0	10
340000	0	0	12
360000	0	0	9
370000	0	0	7
350000	0	0	11
370000	0	0	8
360000	0	0	10
350000	0	0	12
370000	0	0	9
380000	0	0	7
360000	0	0	11
380000	0	0	8
370000	0	0	10
360000	0	0	12
380000	0	0	9
390000	0	0	7
370000	0	0	11
390000	0	0	8
380000	0	0	10
370000	0	0	12
390000	0	0	9
400000	0	0	7
380000	0	0	11
400000	0	0	8
390000	0	0	10
380000	0	0	12
400000	0	0	9
410000	0	0	7
390000	0	0	11
410000	0	0	8
400000	0	0	10
390000	0	0	12
410000	0	0	9
420000	0	0	7
400000	0	0	11
420000	0	0	8
410000	0	0	10
400000	0	0	12
420000	0	0	9
430000	0	0	7
410000	0	0	11
430000	0	0	8
420000	0	0	10
410000	0	0	12
430000	0	0	9
440000	0	0	7
420000	0	0	11
440000	0	0	8
430000	0	0	10
420000	0	0	12
440000	0	0	9
450000	0	0	7
430000	0	0	11
450000	0	0	8
440000	0	0	10
430000	0	0	12
450000	0	0	9
460000	0	0	7
440000	0	0	11
460000	0	0	8
450000	0	0	10
440000	0	0	12
460000	0	0	9
470000	0	0	7
450000	0	0	11
470000	0	0	8
460000	0	0	10
450000	0	0	12
470000	0	0	9
480000	0	0	7
460000	0	0	11
480000	0	0	8
470000	0	0	10
460000	0	0	12
480000	0	0	9
490000	0	0	7
470000	0	0	11
490000	0	0	8
480000	0	0	10
470000	0	0	12
490000	0	0	9
500000	0	0	7
480000	0	0	11
500000	0	0	8
490000	0	0	10
480000	0	0	12
500000	0	0	9
490000	0	0	11
500000	0	0	10
490000	0	0	12
500000	0	0	11
500000	0	0	12
10000	0	0	13
10000	0	0	14
20000	0	0	13
10000	0	0	15
20000	0	0	14
30000	0	0	13
10000	0	0	16
20000	0	0	15
30000	0	0	14
10000	0	0	17
40000	0	0	13
20000	0	0	16
30000	0	0	15
10000	0	0	18
40000	0	0	14
20000	0	0	17
50000	0	0	13
30000	0	0	16
40000	0	0	15
20000	0	0	18
50000	0	0	14
30000	0	0	17
60000	0	0	13
40000	0	0	16
50000	0	0	15
30000	0	0	18
60000	0	0	14
40000	0	0	17
70000	0	0	13
50000	0	0	16
60000	0	0	15
40000	0	0	18
70000	0	0	14
50000	0	0	17
80000	0	0	13
60000	0	0	16
70000	0	0	15
50000	0	0	18
80000	0	0	14
60000	0	0	17
90000	0	0	13
70000	0	0	16
80000	0	0	15
60000	0	0	18
90000	0	0	14
70000	0	0	17
100000	0	0	13
80000	0	0	16
90000	0	0	15
70000	0	0	18
100000	0	0	14
80000	0	0	17
110000	0	0	13
90000	0	0	16
100000	0	0	15
80000	0	0	18
110000	0	0	14
90000	0	0	17
120000	0	0	13
100000	0	0	16
110000	0	0	15
90000	0	0	18
120000	0	0	14
100000	0	0	17
130000	0	0	13
110000	0	0	16
120000	0	0	15
100000	0	0	18
130000	0	0	14
110000	0	0	17
140000	0	0	13
120000	0	0	16
130000	0	0	15
110000	0	0	18
140000	0	0	14
120000	0	0	17
150000	0	0	13
130000	0	0	16
140000	0	0	15
120000	0	0	18
150000	0	0	14
130000	0	0	17
160000	0	0	13
140000	0	0	16
150000	0	0	15
130000	0	0	18
160000	0	0	14
140000	0	0	17
170000	0	0	13
150000	0	0	16
160000	0	0	15
140000	0	0	18
170000	0	0	14
150000	0	0	17
180000	0	0	13
160000	0	0	16
170000	0	0	15
150000	0	0	18
180000	0	0	14
160000	0	0	17
190000	0	0	13
170000	0	0	16
180000	0	0	15
160000	0	0	18
190000	0	0	14
200000	0	0	13
170000	0	0	17
180000	0	0	16
190000	0	0	15
170000	0	0	18
200000	0	0	14
210000	0	0	13
180000	0	0	17
190000	0	0	16
200000	0	0	15
180000	0	0	18
210000	0	0	14
220000	0	0	13
190000	0	0	17
200000	0	0	16
210000	0	0	15
190000	0	0	18
220000	0	0	14
230000	0	0	13
200000	0	0	17
210000	0	0	16
220000	0	0	15
200000	0	0	18
230000	0	0	14
240000	0	0	13
210000	0	0	17
220000	0	0	16
230000	0	0	15
210000	0	0	18
240000	0	0	14
250000	0	0	13
220000	0	0	17
230000	0	0	16
240000	0	0	15
220000	0	0	18
250000	0	0	14
260000	0	0	13
230000	0	0	17
240000	0	0	16
250000	0	0	15
230000	0	0	18
260000	0	0	14
270000	0	0	13
240000	0	0	17
250000	0	0	16
260000	0	0	15
240000	0	0	18
270000	0	0	14
280000	0	0	13
250000	0	0	17
260000	0	0	16
270000	0	0	15
250000	0	0	18
280000	0	0	14
290000	0	0	13
260000	0	0	17
270000	0	0	16
280000	0	0	15
260000	0	0	18
290000	0	0	14
300000	0	0	13
280000	0	0	16
270000	0	0	17
290000	0	0	15
270000	0	0	18
300000	0	0	14
310000	0	0	13
290000	0	0	16
280000	0	0	17
300000	0	0	15
280000	0	0	18
310000	0	0	14
320000	0	0	13
300000	0	0	16
290000	0	0	17
310000	0	0	15
290000	0	0	18
320000	0	0	14
330000	0	0	13
310000	0	0	16
300000	0	0	17
320000	0	0	15
300000	0	0	18
330000	0	0	14
340000	0	0	13
320000	0	0	16
310000	0	0	17
330000	0	0	15
310000	0	0	18
340000	0	0	14
350000	0	0	13
330000	0	0	16
320000	0	0	17
340000	0	0	15
320000	0	0	18
350000	0	0	14
360000	0	0	13
340000	0	0	16
330000	0	0	17
350000	0	0	15
330000	0	0	18
360000	0	0	14
370000	0	0	13
350000	0	0	16
340000	0	0	17
340000	0	0	18
360000	0	0	15
370000	0	0	14
380000	0	0	13
360000	0	0	16
350000	0	0	17
350000	0	0	18
370000	0	0	15
380000	0	0	14
390000	0	0	13
370000	0	0	16
360000	0	0	17
360000	0	0	18
380000	0	0	15
390000	0	0	14
400000	0	0	13
380000	0	0	16
370000	0	0	17
370000	0	0	18
390000	0	0	15
400000	0	0	14
410000	0	0	13
390000	0	0	16
380000	0	0	17
380000	0	0	18
400000	0	0	15
410000	0	0	14
420000	0	0	13
400000	0	0	16
390000	0	0	18
390000	0	0	17
410000	0	0	15
420000	0	0	14
430000	0	0	13
410000	0	0	16
400000	0	0	18
400000	0	0	17
420000	0	0	15
430000	0	0	14
440000	0	0	13
420000	0	0	16
410000	0	0	18
410000	0	0	17
430000	0	0	15
440000	0	0	14
430000	0	0	16
450000	0	0	13
420000	0	0	18
420000	0	0	17
440000	0	0	15
450000	0	0	14
440000	0	0	16
460000	0	0	13
430000	0	0	18
430000	0	0	17
450000	0	0	15
460000	0	0	14
450000	0	0	16
470000	0	0	13
440000	0	0	18
460000	0	0	15
440000	0	0	17
470000	0	0	14
460000	0	0	16
480000	0	0	13
450000	0	0	18
470000	0	0	15
450000	0	0	17
480000	0	0	14
470000	0	0	16
490000	0	0	13
460000	0	0	18
480000	0	0	15
460000	0	0	17
490000	0	0	14
480000	0	0	16
500000	0	0	13
470000	0	0	18
490000	0	0	15
470000	0	0	17
500000	0	0	14
490000	0	0	16
480000	0	0	18
500000	0	0	15
480000	0	0	17
500000	0	0	16
490000	0	0	18
490000	0	0	17
500000	0	0	18
500000	0	0	17
10000	0	0	19
10000	0	0	20
20000	0	0	19
10000	0	0	21
20000	0	0	20
30000	0	0	19
10000	0	0	22
20000	0	0	21
30000	0	0	20
10000	0	0	23
40000	0	0	19
20000	0	0	22
30000	0	0	21
10000	0	0	24
40000	0	0	20
20000	0	0	23
50000	0	0	19
30000	0	0	22
40000	0	0	21
20000	0	0	24
50000	0	0	20
30000	0	0	23
60000	0	0	19
40000	0	0	22
50000	0	0	21
30000	0	0	24
60000	0	0	20
40000	0	0	23
70000	0	0	19
50000	0	0	22
60000	0	0	21
40000	0	0	24
70000	0	0	20
50000	0	0	23
80000	0	0	19
60000	0	0	22
70000	0	0	21
50000	0	0	24
60000	0	0	23
80000	0	0	20
90000	0	0	19
70000	0	0	22
80000	0	0	21
60000	0	0	24
70000	0	0	23
90000	0	0	20
100000	0	0	19
80000	0	0	22
90000	0	0	21
70000	0	0	24
80000	0	0	23
100000	0	0	20
110000	0	0	19
90000	0	0	22
100000	0	0	21
90000	0	0	23
80000	0	0	24
110000	0	0	20
120000	0	0	19
100000	0	0	22
110000	0	0	21
100000	0	0	23
90000	0	0	24
120000	0	0	20
130000	0	0	19
110000	0	0	22
120000	0	0	21
110000	0	0	23
100000	0	0	24
130000	0	0	20
140000	0	0	19
120000	0	0	22
130000	0	0	21
120000	0	0	23
110000	0	0	24
140000	0	0	20
150000	0	0	19
130000	0	0	22
140000	0	0	21
130000	0	0	23
120000	0	0	24
160000	0	0	19
150000	0	0	20
140000	0	0	22
150000	0	0	21
140000	0	0	23
130000	0	0	24
170000	0	0	19
160000	0	0	20
150000	0	0	22
160000	0	0	21
150000	0	0	23
140000	0	0	24
180000	0	0	19
160000	0	0	22
170000	0	0	20
170000	0	0	21
160000	0	0	23
150000	0	0	24
170000	0	0	22
190000	0	0	19
180000	0	0	21
180000	0	0	20
170000	0	0	23
160000	0	0	24
200000	0	0	19
180000	0	0	22
190000	0	0	21
190000	0	0	20
180000	0	0	23
170000	0	0	24
210000	0	0	19
190000	0	0	22
200000	0	0	21
200000	0	0	20
190000	0	0	23
180000	0	0	24
220000	0	0	19
200000	0	0	22
210000	0	0	21
210000	0	0	20
200000	0	0	23
190000	0	0	24
230000	0	0	19
210000	0	0	22
220000	0	0	21
220000	0	0	20
210000	0	0	23
240000	0	0	19
200000	0	0	24
220000	0	0	22
230000	0	0	21
230000	0	0	20
220000	0	0	23
250000	0	0	19
230000	0	0	22
210000	0	0	24
240000	0	0	21
240000	0	0	20
230000	0	0	23
240000	0	0	22
260000	0	0	19
220000	0	0	24
250000	0	0	21
250000	0	0	20
240000	0	0	23
250000	0	0	22
270000	0	0	19
230000	0	0	24
260000	0	0	21
260000	0	0	20
250000	0	0	23
260000	0	0	22
280000	0	0	19
240000	0	0	24
270000	0	0	21
270000	0	0	20
260000	0	0	23
270000	0	0	22
290000	0	0	19
280000	0	0	21
250000	0	0	24
280000	0	0	20
270000	0	0	23
280000	0	0	22
300000	0	0	19
290000	0	0	21
260000	0	0	24
290000	0	0	20
280000	0	0	23
290000	0	0	22
300000	0	0	21
310000	0	0	19
270000	0	0	24
300000	0	0	20
290000	0	0	23
300000	0	0	22
310000	0	0	21
320000	0	0	19
280000	0	0	24
310000	0	0	20
300000	0	0	23
320000	0	0	21
310000	0	0	22
330000	0	0	19
290000	0	0	24
320000	0	0	20
310000	0	0	23
330000	0	0	21
320000	0	0	22
340000	0	0	19
300000	0	0	24
330000	0	0	20
320000	0	0	23
340000	0	0	21
330000	0	0	22
350000	0	0	19
310000	0	0	24
340000	0	0	20
330000	0	0	23
350000	0	0	21
340000	0	0	22
360000	0	0	19
320000	0	0	24
350000	0	0	20
340000	0	0	23
360000	0	0	21
350000	0	0	22
370000	0	0	19
330000	0	0	24
360000	0	0	20
350000	0	0	23
370000	0	0	21
360000	0	0	22
380000	0	0	19
340000	0	0	24
370000	0	0	20
360000	0	0	23
380000	0	0	21
370000	0	0	22
390000	0	0	19
350000	0	0	24
380000	0	0	20
370000	0	0	23
390000	0	0	21
380000	0	0	22
400000	0	0	19
360000	0	0	24
390000	0	0	20
380000	0	0	23
400000	0	0	21
390000	0	0	22
410000	0	0	19
370000	0	0	24
400000	0	0	20
390000	0	0	23
410000	0	0	21
400000	0	0	22
420000	0	0	19
380000	0	0	24
410000	0	0	20
400000	0	0	23
420000	0	0	21
410000	0	0	22
430000	0	0	19
390000	0	0	24
420000	0	0	20
410000	0	0	23
430000	0	0	21
420000	0	0	22
440000	0	0	19
400000	0	0	24
430000	0	0	20
420000	0	0	23
440000	0	0	21
430000	0	0	22
450000	0	0	19
410000	0	0	24
440000	0	0	20
430000	0	0	23
450000	0	0	21
440000	0	0	22
460000	0	0	19
420000	0	0	24
450000	0	0	20
460000	0	0	21
440000	0	0	23
450000	0	0	22
470000	0	0	19
430000	0	0	24
460000	0	0	20
470000	0	0	21
450000	0	0	23
460000	0	0	22
480000	0	0	19
440000	0	0	24
470000	0	0	20
480000	0	0	21
460000	0	0	23
470000	0	0	22
490000	0	0	19
450000	0	0	24
480000	0	0	20
490000	0	0	21
470000	0	0	23
480000	0	0	22
500000	0	0	19
460000	0	0	24
490000	0	0	20
500000	0	0	21
480000	0	0	23
490000	0	0	22
470000	0	0	24
500000	0	0	20
490000	0	0	23
500000	0	0	22
480000	0	0	24
500000	0	0	23
490000	0	0	24
500000	0	0	24
10000	0	0	25
10000	0	0	26
20000	0	0	25
10000	0	0	27
20000	0	0	26
30000	0	0	25
10000	0	0	28
20000	0	0	27
30000	0	0	26
10000	0	0	29
40000	0	0	25
20000	0	0	28
30000	0	0	27
10000	0	0	30
40000	0	0	26
20000	0	0	29
50000	0	0	25
30000	0	0	28
40000	0	0	27
20000	0	0	30
50000	0	0	26
30000	0	0	29
60000	0	0	25
40000	0	0	28
50000	0	0	27
30000	0	0	30
60000	0	0	26
40000	0	0	29
70000	0	0	25
50000	0	0	28
60000	0	0	27
70000	0	0	26
40000	0	0	30
50000	0	0	29
80000	0	0	25
60000	0	0	28
70000	0	0	27
80000	0	0	26
50000	0	0	30
60000	0	0	29
90000	0	0	25
70000	0	0	28
80000	0	0	27
90000	0	0	26
60000	0	0	30
70000	0	0	29
100000	0	0	25
80000	0	0	28
90000	0	0	27
100000	0	0	26
70000	0	0	30
80000	0	0	29
110000	0	0	25
90000	0	0	28
110000	0	0	26
100000	0	0	27
80000	0	0	30
90000	0	0	29
120000	0	0	25
100000	0	0	28
110000	0	0	27
120000	0	0	26
90000	0	0	30
100000	0	0	29
130000	0	0	25
110000	0	0	28
130000	0	0	26
120000	0	0	27
100000	0	0	30
110000	0	0	29
140000	0	0	25
120000	0	0	28
140000	0	0	26
130000	0	0	27
110000	0	0	30
120000	0	0	29
150000	0	0	25
130000	0	0	28
150000	0	0	26
140000	0	0	27
130000	0	0	29
120000	0	0	30
160000	0	0	25
140000	0	0	28
160000	0	0	26
150000	0	0	27
140000	0	0	29
130000	0	0	30
170000	0	0	25
150000	0	0	28
170000	0	0	26
150000	0	0	29
160000	0	0	27
140000	0	0	30
180000	0	0	25
160000	0	0	28
160000	0	0	29
180000	0	0	26
170000	0	0	27
150000	0	0	30
190000	0	0	25
170000	0	0	28
170000	0	0	29
190000	0	0	26
180000	0	0	27
160000	0	0	30
200000	0	0	25
180000	0	0	28
180000	0	0	29
200000	0	0	26
190000	0	0	27
170000	0	0	30
210000	0	0	25
190000	0	0	28
190000	0	0	29
210000	0	0	26
200000	0	0	27
180000	0	0	30
220000	0	0	25
200000	0	0	28
200000	0	0	29
220000	0	0	26
210000	0	0	27
190000	0	0	30
230000	0	0	25
210000	0	0	28
210000	0	0	29
230000	0	0	26
220000	0	0	27
200000	0	0	30
240000	0	0	25
220000	0	0	28
220000	0	0	29
240000	0	0	26
230000	0	0	27
210000	0	0	30
250000	0	0	25
230000	0	0	28
230000	0	0	29
250000	0	0	26
240000	0	0	27
220000	0	0	30
260000	0	0	25
240000	0	0	28
240000	0	0	29
260000	0	0	26
250000	0	0	27
230000	0	0	30
270000	0	0	25
250000	0	0	28
250000	0	0	29
270000	0	0	26
260000	0	0	27
240000	0	0	30
280000	0	0	25
260000	0	0	28
260000	0	0	29
280000	0	0	26
270000	0	0	27
250000	0	0	30
290000	0	0	25
270000	0	0	28
270000	0	0	29
290000	0	0	26
280000	0	0	27
260000	0	0	30
300000	0	0	25
280000	0	0	28
280000	0	0	29
300000	0	0	26
270000	0	0	30
290000	0	0	27
310000	0	0	25
290000	0	0	28
290000	0	0	29
310000	0	0	26
300000	0	0	27
280000	0	0	30
320000	0	0	25
300000	0	0	28
300000	0	0	29
320000	0	0	26
310000	0	0	27
290000	0	0	30
330000	0	0	25
310000	0	0	28
310000	0	0	29
330000	0	0	26
300000	0	0	30
320000	0	0	27
340000	0	0	25
320000	0	0	28
320000	0	0	29
340000	0	0	26
310000	0	0	30
330000	0	0	27
350000	0	0	25
330000	0	0	28
330000	0	0	29
350000	0	0	26
320000	0	0	30
340000	0	0	27
360000	0	0	25
340000	0	0	28
340000	0	0	29
360000	0	0	26
330000	0	0	30
350000	0	0	27
370000	0	0	25
350000	0	0	28
350000	0	0	29
370000	0	0	26
340000	0	0	30
360000	0	0	27
380000	0	0	25
360000	0	0	28
360000	0	0	29
380000	0	0	26
350000	0	0	30
370000	0	0	27
390000	0	0	25
370000	0	0	28
370000	0	0	29
390000	0	0	26
360000	0	0	30
380000	0	0	27
400000	0	0	25
380000	0	0	28
380000	0	0	29
400000	0	0	26
370000	0	0	30
390000	0	0	27
410000	0	0	25
390000	0	0	28
390000	0	0	29
410000	0	0	26
380000	0	0	30
400000	0	0	27
420000	0	0	25
400000	0	0	28
400000	0	0	29
420000	0	0	26
390000	0	0	30
410000	0	0	27
430000	0	0	25
410000	0	0	28
410000	0	0	29
430000	0	0	26
400000	0	0	30
420000	0	0	27
440000	0	0	25
420000	0	0	28
420000	0	0	29
440000	0	0	26
410000	0	0	30
430000	0	0	27
450000	0	0	25
430000	0	0	28
430000	0	0	29
450000	0	0	26
420000	0	0	30
440000	0	0	27
460000	0	0	25
440000	0	0	28
440000	0	0	29
460000	0	0	26
430000	0	0	30
450000	0	0	27
470000	0	0	25
450000	0	0	28
450000	0	0	29
470000	0	0	26
440000	0	0	30
460000	0	0	27
480000	0	0	25
460000	0	0	28
460000	0	0	29
480000	0	0	26
450000	0	0	30
470000	0	0	27
490000	0	0	25
470000	0	0	28
470000	0	0	29
490000	0	0	26
460000	0	0	30
480000	0	0	27
500000	0	0	25
480000	0	0	28
480000	0	0	29
500000	0	0	26
470000	0	0	30
490000	0	0	27
490000	0	0	28
490000	0	0	29
480000	0	0	30
500000	0	0	27
500000	0	0	28
500000	0	0	29
490000	0	0	30
500000	0	0	30
